.Random.seed <-
c(403L, 1L, -1046064293L, -1529950535L, -1078263032L, -1849771594L, 
-1736063247L, 691949859L, -1482587278L, 583510468L, 1141232007L, 
1289333597L, 66348372L, -1331820678L, -325392699L, -924391393L, 
820318118L, -449416912L, 17132499L, -299519503L, -1996925152L, 
-176873026L, 2111066569L, -1189313157L, 935342922L, -1472384084L, 
1074961071L, -612636571L, 22120476L, -489683342L, -1472833299L, 
148904231L, 187663694L, 932136360L, -1584823893L, 1250147017L, 
-1844663592L, -994797690L, 1310263905L, -1632414733L, 807339618L, 
-1046322988L, 1036937687L, -1077240883L, -619237532L, 1810660170L, 
197003957L, 1130347023L, 396679958L, 535852480L, -762731133L, 
38136737L, -1649724528L, 986706030L, 1858688537L, -1941997909L, 
426461850L, 468006492L, -787373217L, -679731915L, -252408628L, 
-1314228702L, -564082563L, -1341443721L, -537944418L, 1536200024L, 
788659387L, 1317257817L, 1672374760L, -1363866602L, 823080849L, 
-607807421L, 1407803218L, -1749376028L, -766510553L, -637169027L, 
1998408564L, 260417370L, 272146853L, 945569215L, -2016256442L, 
1650781392L, -424261901L, 1280917521L, 962537024L, -1474655714L, 
-491584279L, -1724901L, -258224598L, 90026316L, 1528724239L, 
956362309L, -300591108L, -1613574574L, 1847448525L, -446472825L, 
1691654254L, 1295212616L, -309472693L, 2003292073L, 2129231608L, 
-1425991130L, 820155201L, 146634963L, -937673598L, 300186292L, 
-848810441L, -511142611L, -489447868L, 1600922474L, -293982251L, 
-1887078033L, -1385261962L, -1019478112L, 599189603L, -570823423L, 
-1258069904L, 634645518L, 1281739897L, -1664607221L, 2122061114L, 
1188996156L, -602770561L, 2147123413L, 40187116L, 662588994L, 
678609309L, -1356352489L, -2122618498L, -740905160L, 1722116123L, 
-1848743559L, -359084088L, 1553617910L, 1681163825L, -208568221L, 
-1844150222L, -71582332L, -449920057L, 1526867613L, 2067467796L, 
-1472342854L, -907132667L, -1277893921L, -845557914L, -3545360L, 
-1507926509L, 30406577L, 759087712L, -1817690114L, 1570254729L, 
-272783173L, 1015891082L, 2027100012L, 1289921775L, -1843228891L, 
1426684380L, 881895346L, 262352557L, 1089013351L, -1694681714L, 
2053243496L, 241712747L, 1590482953L, 1066124952L, 2113372614L, 
161239329L, -905453133L, -564339422L, -1218504940L, 808603543L, 
-567865459L, -1526631772L, 667974794L, 256389877L, 1725912399L, 
1378476630L, -136314624L, -1866107837L, -2039719967L, -360548528L, 
-1373673042L, 1037641561L, 1778167147L, -1605962534L, -2110685796L, 
1819812255L, -295689227L, 1817227916L, 1896224610L, 227747645L, 
1515708343L, -1684353954L, -813342312L, 366978299L, -1618358119L, 
1657102632L, 698234838L, -1621576623L, -733700349L, -144664942L, 
-1944914908L, -524616985L, -1970041027L, -1850306636L, -962169830L, 
1033588581L, 8778239L, 442031238L, -650960880L, 1885602483L, 
-1945239215L, -793444096L, -649362466L, -1724600279L, 1799423963L, 
1539585258L, -38317428L, 1190055375L, -1972928123L, 1835891260L, 
-1052090606L, -784989171L, -1616146617L, -647762642L, -1984172920L, 
717584779L, 808993129L, 1361996600L, 117691680L, -992914814L, 
382314984L, -823851028L, 1123120700L, 2137075314L, 2112365424L, 
454355236L, -1805962696L, 1667531162L, -1701672496L, -1074651716L, 
69281940L, -530645886L, -520305216L, -2050866372L, -466652016L, 
-194272478L, 196947464L, -893129460L, -22800996L, -1295131118L, 
-579138688L, -1526750444L, -255520472L, -1033540550L, -1226904624L, 
-648052116L, 1325316660L, 735222418L, -1845519008L, 1233799500L, 
1075304416L, 1805850018L, 1417412008L, -613718388L, -1047904836L, 
-639897998L, -686294032L, -153471420L, -90933160L, -1536796614L, 
1901914224L, 1510717500L, -330548972L, 1771602626L, -1768190240L, 
1065314428L, 2136493776L, 1963268514L, 2045603880L, 926112524L, 
-995438148L, -1709681870L, -541517120L, 467084340L, 1298732744L, 
-2026015558L, 699463312L, -1612697876L, 934406740L, -844332398L, 
297107744L, 351234508L, -91176224L, 2134612162L, -1116490712L, 
-416843860L, -28835140L, -1230271502L, -1053348304L, -1288181852L, 
2123476408L, -200251558L, -1808093040L, 107570044L, -175828716L, 
1983465794L, 1039558912L, 1463815612L, 819464528L, 1135159586L, 
-2108079544L, -207853556L, 2100577884L, -1122326062L, 150212096L, 
886758740L, -1274016536L, 465766650L, 122396368L, -860468436L, 
-1865340684L, -1097686638L, -1686846112L, 974713868L, 1278495968L, 
617960034L, -1841863512L, -2061614004L, -1933975684L, 1816590642L, 
905241200L, 177894212L, 541047768L, -875811974L, 785840176L, 
969621436L, 2053925460L, -2045005758L, 971851424L, -845512004L, 
-579222576L, -992897694L, 132366056L, 13802700L, -1328653828L, 
-852681230L, -1878942592L, 1357920756L, 2047165064L, 1493924666L, 
-1360173744L, 1651786860L, -1530524268L, -1740969902L, 1678032352L, 
-870140724L, -1468784992L, -15396478L, 1347412200L, 1772669676L, 
-111616708L, -1559459726L, 1143300720L, -687007196L, 4270136L, 
579287322L, -746019632L, -981526212L, 1620218772L, -341059710L, 
476122048L, -315025860L, 1759592848L, 746252322L, -670970616L, 
-1364170612L, -2064625892L, -1478968174L, -895103616L, 1631629332L, 
-136567000L, -1959451078L, -1196832304L, 133579116L, -1621771340L, 
249352722L, 1924110304L, 1353152972L, -1804609312L, 238171170L, 
-590398680L, 1636805132L, -1029000388L, -1831254030L, 430506736L, 
-1443100092L, -2024704424L, -1258023110L, 1343936496L, 1060874940L, 
-760101612L, 1540222146L, -1613304736L, -1440793220L, 2117894096L, 
-938604254L, 1372720808L, -496435316L, -2141887300L, 1542951730L, 
1523201600L, -1626082124L, -340374456L, -169816646L, -167781872L, 
1436617964L, -446770860L, 2081471250L, 696157600L, -519122228L, 
-1650800032L, -1302255678L, -189439192L, 503456172L, 231486780L, 
-133643406L, 404809008L, -507666652L, 1364583736L, -17226022L, 
1162868624L, -1134017796L, -498967660L, 1071686722L, -1133695744L, 
-661962692L, -186675888L, -1376635742L, 1914321736L, -931090676L, 
2113375964L, 186812242L, -9345408L, -2047864748L, -307559448L, 
-65123590L, -1371951792L, -1245907156L, 275999604L, -705330286L, 
1621576288L, -1316409460L, -1537435808L, 1868422114L, -1343878232L, 
927566858L, 384002815L, 700154697L, 316340446L, 1320609420L, 
-1371647395L, 223342695L, -1926271600L, -296821330L, -365082533L, 
-1223589827L, 94787242L, 36270920L, 1684141937L, -709730077L, 
1330313188L, -980390126L, 2022945511L, 1631909041L, 1730402038L, 
-2033598188L, 1937995301L, -2060104913L, 1297530088L, -1505452602L, 
2109615219L, -1118099755L, 314858674L, 1146622080L, -636486551L, 
-188790565L, -452830164L, 104408122L, -1149308177L, 1487400313L, 
1267122702L, -480398372L, 1743043661L, -1238274121L, 979489088L, 
-1451526114L, 616705771L, 1781218925L, -370022694L, -2070473064L, 
-1192551167L, -306306381L, -716575276L, 1504128226L, -1195539081L, 
381107393L, -535068602L, -441913468L, 1228687669L, -890022113L, 
-1567868296L, 1545264982L, 2057747939L, 1769624485L, 389440066L, 
694321200L, 1119056985L, 1962093003L, -722212292L, -1268439958L, 
-132401505L, -395986135L, 1849808830L, -243046740L, 1906363389L, 
-335166649L, 527524912L, 1695860046L, 336027003L, -143324451L, 
-1829057782L, -342242776L, -2142739823L, 834347651L, -1669946492L, 
1390414258L, -446187769L, -1823894191L, 907369686L, 1447311796L, 
1534012869L, 793640207L, -644084856L, -135703898L, -1274822061L, 
7539637L, 1760835858L, -1284232480L, 164347721L, -264777349L, 
-2084094900L, 2055175642L, -2127708209L, -862240359L, 788050350L, 
-348729668L, -1233535187L, 1475099863L, -1135803104L, 1513788030L, 
1881234507L, 1270894157L, -1338837894L, 1976906936L, 2134769249L, 
511493139L, 1095365172L, -143838142L, 657951831L, 2118829985L, 
-1728186266L, -135610268L, 2039880597L, -1075270465L, -1399497640L, 
1480263798L, -1599260541L, -1355351867L, -99731998L, -624853936L, 
2142459257L, 1292282539L, 1544319516L, -1783706294L, 1593128255L, 
644199305L, -383661154L, -1915336116L, 1363921949L, 1996555687L, 
2067904720L, 786131566L, -1833634533L, -1789890947L, 350600298L, 
2098080008L, 338967985L, 769612323L, 625131300L, 1134757842L, 
